28 15 6
0.090 0.080 0.682 0.389 0.463 0.155 -0.021 0.617 0.615 0.931 0.325 0.517 0.821 0.011 0.052 0.528 0.656 0.018 0.395 0.032 0.400 0.683 0.544 0.888 0.805 0.456 0.060 0.636 0.372
1.439 1.239 0.066 -0.130 -0.536 0.101 -0.173 0.122 0.208 0.720 -0.390 0.121 0.426 1.061 0.753 0.710 0.191 0.664 1.039 0.627 0.944 1.304 -0.068 -0.328 0.157 -0.030 -0.802 -0.234 0.704
0.923 0.065 0.876 0.482 0.496 0.293 0.960 0.471 0.245 0.089 0.948 0.100 0.489 0.350 0.278 0.912 0.518 0.465 0.958 0.082 0.770 0.779 0.809 0.184 0.028 0.669 0.876 0.644 0.743
0.743 0.987 0.878 0.213 0.296 0.336 0.494 0.574 0.830 0.410 0.823 0.276 0.414 0.533 0.468 0.287 0.176 0.155 0.572 0.786 0.016 0.530 0.486 0.946 0.751 0.527 0.885 0.630 0.838
0.526 0.023 0.451 -0.130 -0.166 0.050 -0.232 0.196 -0.218 0.563 0.673 0.211 0.081 0.293 0.890 0.648 0.109 0.719 0.442 0.293 0.483 0.133 0.422 0.586 0.473 0.775 0.431 0.090 0.873
0.832 -0.057 0.208 -0.028 0.184 0.202 0.621 -0.158 -0.081 0.376 0.414 0.215 0.683 0.425 0.799 0.231 0.399 0.350 0.209 -0.173 0.684 0.448 -0.027 0.988 0.309 -0.280 0.657 0.014 -0.010
0.115 0.334 0.222 0.109 0.755 0.429 0.319 0.423 0.781 0.940 0.624 0.201 0.689 0.904 0.250 0.860 0.468 0.505 0.600 0.808 0.747 0.461 0.944 0.604 0.412 0.802 0.662 0.690 0.964
1.108 0.801 0.183 0.411 0.415 -0.003 0.292 0.467 0.763 0.422 0.660 0.854 0.697 0.763 0.707 0.739 0.006 0.884 0.530 0.404 -0.004 0.700 0.412 0.608 0.647 0.060 0.852 0.848 0.837
0.577 0.147 0.439 0.941 0.205 0.409 0.286 0.486 0.851 0.455 0.439 0.807 0.358 0.202 1.000 0.156 0.633 0.621 0.003 -0.037 0.752 0.726 0.285 0.437 0.700 0.564 0.154 0.842 0.714
1.027 0.585 -9.543 10.182 -7.963 6.350 -1.236 0.452 1.953 -1.603 -1.373 -0.141 1.525 7.106 -0.313 0.643 1.822 -4.522 -0.110 -3.234 2.930 1.008 6.719 -0.018 -2.058 5.633 -5.165 -2.453 0.204
1.018 -2.391 0.387 1.257 -0.146 0.830 -0.067 0.681 1.139 1.517 0.800 1.211 2.267 -0.017 -0.037 0.483 0.203 -0.470 0.021 1.799 0.799 1.073 1.464 -2.611 -0.912 1.040 0.486 -0.839 -0.997
1.106 0.606 0.417 0.586 0.184 -0.012 0.346 0.137 0.416 0.486 0.221 0.195 0.387 0.425 0.448 0.477 0.384 0.273 0.066 0.231 0.178 0.643 0.616 0.250 0.645 0.573 0.778 0.440 0.859
0.361 0.418 0.495 0.618 0.379 0.567 0.951 0.115 0.636 0.354 0.479 0.537 0.830 0.010 0.275 0.643 0.544 0.927 0.271 0.925 0.223 0.842 0.671 0.439 0.820 -0.066 0.128 0.718 0.702
-0.263 0.692 2.174 0.486 1.648 -1.061 -0.562 -1.778 -0.636 -0.531 -2.852 -3.152 5.844 2.979 0.461 0.819 1.582 0.166 -0.928 -1.037 0.789 -2.213 -0.098 0.714 0.536 0.693 -2.631 1.637 1.403
1.304 -1.079 5.078 -1.589 3.183 0.070 1.616 1.360 0.529 -3.531 -3.612 0.102 0.104 2.273 0.091 0.747 1.359 1.844 -0.192 -1.816 2.305 0.788 -0.006 -1.866 1.543 -2.248 -2.929 3.943 1.898
0.514 0.364 -0.836 0.045 0.016 0.214 0.518 0.209 0.094 -0.408 3.431 2.163 -0.234 -0.129 -4.405 -2.428
1.250 -0.484 0.146 -0.577 -0.246 0.069 -0.489 -0.821 -0.615 -0.153 9.545 0.370 -0.146 -0.357 -1.107 0.072
1.259 -0.346 -0.850 -0.297 -0.018 -0.517 -0.174 0.058 -0.135 -0.406 5.731 2.870 0.353 -0.406 1.568 -3.157
0.581 0.043 1.326 0.620 -0.173 0.213 0.590 0.068 0.391 0.274 3.757 0.657 -0.188 -0.194 -3.822 -4.860
1.336 -0.068 0.410 -0.239 -0.419 0.195 -0.443 0.112 -0.476 -0.526 6.632 -1.239 0.427 -0.176 0.090 -0.614
0.682 0.000 0.751 -0.104 -0.622 -0.316 -0.028 0.129 -0.659 -0.193 4.721 2.183 -0.384 -0.218 2.263 -3.048
